# Created by Octave 4.2.1, Sun Sep 17 15:31:37 2017 GMT <unknown@unknown>
# name: G8
# type: matrix
# rows: 1
# columns: 9
 1 0 0 0 0 0 1 1 1


